Subject	StroopEffect_RT	StroopEffect_ACC	StroopBin
12000	98.54628813260456	-0.00925925925925919	5.5
12002	136.5	0	6.148148148148148
12006	15.00476190476195	0.02777777777777779	3.7037037037037037
12008	102.24004845967454	0.0092592592592593	5.37037037037037
12010	167.32534178720027	-0.04629629629629628	6.722222222222222
12012	123.12517006802727	-0.06481481481481477	6.62962962962963
12013	10.543509528946402	0.04629629629629628	4.12962962962963
12014	146.2037037037037	-0.05555555555555558	6.388888888888889
12015	83.46109613656779	0.0092592592592593	5.2407407407407405
12016	21.205750224618214	0.0092592592592593	4.5
12018	163.9275710284113	-0.03703703703703698	6.62962962962963
12021	75.71651090342687	0.0092592592592593	4.833333333333333
12022	232.17042330951085	-0.04629629629629628	6.2592592592592595
12023	165.46091644204853	-0.07407407407407407	7.2407407407407405
12024	87.81723779854622	0.0092592592592593	5.2592592592592595
12025	152.8599419448476	-0.0185185185185186	6.537037037037037
12027	150.60923999294653	-0.00925925925925919	5.796296296296297
12028	283.68468085106383	-0.05555555555555558	7.773584905660377
12029	173.09605399792304	0.0092592592592593	5.277777777777778
12030	96.87450980392157	-0.11111111111111105	7.333333333333333
12033	61.38031816500188	0.03703703703703709	5.166666666666667
12034	277.764105226722	0.0092592592592593	6.962962962962963
12035	90.14593817397554	-0.02777777777777779	5.037037037037037
12038	215.5168400634809	-0.00925925925925919	5.314814814814815
12039	241.80311299777645	0.03703703703703698	7.203703703703703
12040	300.9814814814815	0	6.962962962962963
12041	-27.032738095238187	-0.08333333333333337	5.425925925925926
12043	223.6134720507847	-0.00925925925925919	6.62962962962963
12048	80.32075471698113	0	5.425925925925926
12049	161.1006289308176	0.03703703703703709	5.925925925925926
12050	177.13560975609767	-0.16666666666666663	9.37037037037037
12051	159.91111111111104	-0.07407407407407407	7.055555555555555
12052	263.0003770739065	-0.01851851851851849	7.277777777777778
12053	92.38475368572449	0.04629629629629628	5.2407407407407405
12056	236.78039215686272	-0.01851851851851849	7.518518518518518
12057	35.082900657667096	0.0092592592592593	4.2592592592592595
12058	37.61828737300425	-0.0185185185185186	4.722222222222222
12059	158.52265914300824	-0.00925925925925919	6.055555555555555
12060	192.9519230769231	0	6.555555555555555
12061	232.5396575821104	-0.01851851851851849	6.777777777777778
12062	152.37037037037044	0	5.314814814814815
12063	185.35988819007696	-0.01851851851851849	6.62962962962963
12064	4.133076923076942	-0.03703703703703698	5.092592592592593
12065	123.83211041229913	-0.01851851851851849	5.7592592592592595
12068	144.16666666666674	0	5.925925925925926
12069	42.44115610938047	0.0092592592592593	4.537037037037037
12070	16.54380721090979	0.04629629629629628	4.462962962962963
12071	154.461215932914	0.01851851851851849	5.574074074074074
12072	99.36501498853818	-0.00925925925925919	5.37037037037037
12076	111.53598881900768	-0.01851851851851849	5.574074074074074
12078	-259.14054366685957	-0.13888888888888884	5.787234042553192
12080	150.6885910774114	-0.00925925925925919	5.833333333333333
12081	94.86111111111109	0	5.111111111111111
12084	160.27282913165266	-0.02777777777777779	6.907407407407407
12086	140.4159544159545	-0.03703703703703709	4.685185185185185
12087	2.4079501740245632	0.02777777777777779	4.203703703703703
12089	-49.69115384615384	-0.03703703703703698	4.113207547169812
12092	390.7252112966398	-0.00925925925925919	5.615384615384615
12094	242.00073991860893	-0.03703703703703709	7.833333333333333
12095	-2.302930402930315	-0.0092592592592593	4.444444444444445
12096	156.17316169987657	-0.00925925925925919	6.166666666666667
12097	172.77647058823527	-0.02777777777777779	6.703703703703703
12098	212.79419986023754	0.01851851851851849	6.703703703703703
12101	572.6179724542785	-0.15740740740740744	8.08
12102	150.714074074074	-0.07407407407407407	6.407407407407407
12103	-23.85190325138774	0.06481481481481477	3.5185185185185186
12104	152.4771428571429	-0.04629629629629628	6.685185185185185
12105	169.81315633049337	-0.04629629629629628	7.611111111111111
12107	152.92703703703705	-0.07407407407407407	6.907407407407407
12109	262.9414744933613	-0.01851851851851849	7.185185185185185
12110	117.26075471698118	-0.05555555555555558	6.648148148148148
12112	182.34800838574438	0.01851851851851849	5.185185185185185
12113	193.26011904761913	-0.08333333333333337	6.925925925925926
12116	268.79126213592235	0.04629629629629628	7.092592592592593
12117	119.65099715099711	-0.03703703703703709	5.925925925925926
12118	129.64364079642428	-0.13888888888888884	7.7592592592592595
12119	151.86492374727663	-0.05555555555555558	6.5
12120	171.55929487179492	-0.07407407407407407	7.333333333333333
12121	112.45704341454473	0.02777777777777779	5.574074074074074
12122	152.31481481481478	0	5.87037037037037
12123	88.19159544159538	-0.03703703703703709	5.351851851851852
12124	42.71296296296293	0	4.648148148148148
12125	81.93382207251841	-0.04629629629629628	5.981481481481482
12126	-10.263041065482867	-0.03703703703703709	4.777777777777778
12127	36.57098039215691	0.01851851851851849	4.944444444444445
12129	291.8114970904603	-0.00925925925925919	6.12962962962963
12133	171.82185771504862	-0.08333333333333326	7.018518518518518
12135	120.87342767295604	-0.09259259259259267	7.055555555555555
12136	90.8899371069183	-0.03703703703703709	5.888888888888889
12137	64.74272615059078	-0.00925925925925919	5.2407407407407405
12138	182.53046036690887	0.0092592592592593	5.777777777777778
12139	132.18409586056646	-0.05555555555555558	6.444444444444445
12140	66.03547423450334	0.00925925925925919	5.166666666666667
12141	364.1732418524873	-0.16666666666666674	8.833333333333334
12142	244.07340525328334	-0.2037037037037036	9.833333333333334
12143	180.05547169811325	-0.05555555555555558	7.203703703703703
12144	130.60621942697412	-0.01851851851851849	6
12147	303.1747572815534	-0.0092592592592593	7.0754716981132075
12148	441.45000000000005	0	8.907407407407407
12149	75.85064701653482	-0.02777777777777779	5.277777777777778
12150	-39.826785714285734	-0.08333333333333337	5.222222222222222
12154	124.66666666666663	0	5.203703703703703
12155	54.025268258913115	0.0092592592592593	4.574074074074074
12160	311.2924528301886	0	6.092592592592593
12161	144.63032844164923	0.01851851851851849	5.574074074074074
12162	4.953179594689118	0.01851851851851849	4.092592592592593
12163	192.65457943925242	-0.06481481481481477	7.12962962962963
12166	133.34468902865137	-0.01851851851851849	5.055555555555555
12168	91.875	-0.07407407407407407	6.777777777777778
12170	259.8102046537706	-0.06481481481481477	9.849056603773585
12171	306.4139844617092	-0.03703703703703709	8.185185185185185
12172	228.22124370956158	-0.02777777777777779	7.185185185185185
12174	167.50179726815247	-0.02777777777777779	6.444444444444445
12175	266.91124871001034	-0.2407407407407407	10.962962962962964
12176	101.00544662309358	-0.05555555555555558	5.30188679245283
12177	394.43547807332845	-0.02777777777777779	7.5
12178	366.14814814814827	0	7.185185185185185
12179	223.68247978436648	0.0092592592592593	6.314814814814815
12180	120.20692937369131	-0.0092592592592593	6.2592592592592595
12181	120.24880973373297	-0.00925925925925919	5.796296296296297
12183	291.01428571428573	-0.08333333333333337	6.925925925925926
12184	162.7982180293501	-0.01851851851851849	6.185185185185185
12186	77.0161620294599	-0.09259259259259256	7.185185185185185
12187	116.65313390313383	-0.03703703703703709	6.12962962962963
12194	92.52777777777771	0	5.425925925925926
12195	347.51973001038425	0.0092592592592593	4.925925925925926
12202	53.965732087227366	-0.04629629629629628	5.37037037037037
12203	52.78503401360547	-0.06481481481481477	6.055555555555555
12204	152.8475783475783	-0.03703703703703709	6.611111111111111
12207	129.5448148148148	-0.07407407407407407	6.796296296296297
12211	106.7641509433962	-0.0185185185185186	5.888888888888889
12216	121.00562409288818	0.0185185185185186	5.407407407407407
12218	182.81712962962968	-0.11111111111111116	7.481481481481482
12220	74.59956865564345	-0.02777777777777779	5.425925925925926
12222	180.01150251617548	-0.02777777777777779	5.7407407407407405
12223	118.83262531860657	-0.17592592592592593	8.351851851851851
12225	294.18146417445485	-0.10185185185185186	8.88888888888889
12227	105.60920733817932	0.0092592592592593	5.092592592592593
12230	139.56481481481478	0	5.555555555555555
12232	94.29415992812221	0.0092592592592593	4.944444444444445
12235	173.81640058055143	-0.0185185185185186	5.851851851851852
12236	336.2590476190476	-0.04629629629629628	8.37037037037037
12237	226.213515456506	-0.02777777777777779	6.5
12238	100.57056603773594	-0.05555555555555558	6.351851851851852
12239	55.32393050625819	0.04629629629629628	5
12240	151.13650075414785	-0.01851851851851849	6.425925925925926
12241	34.83333333333337	0	5.203703703703703
12242	96.94415094339627	-0.05555555555555558	6.407407407407407
12243	203.82791548151158	-0.13888888888888884	7.30188679245283
12244	336.6085981308413	-0.06481481481481477	6.038461538461538
12245	270.9309462915601	-0.09259259259259256	8.333333333333334
12246	74.86538461538464	0.01851851851851849	5
12247	276.0974945533768	-0.05555555555555558	7.7407407407407405
12249	125.9441049604601	-0.02777777777777779	5.611111111111111
12250	163.6847619047619	-0.04629629629629628	7.111111111111111
12251	136.08270146358666	-0.00925925925925919	5.222222222222222
12252	31.69330373658886	-0.03703703703703709	4.666666666666667
12253	53.660377358490564	0	5.074074074074074
12254	336.71296296296293	-0.03703703703703709	8.092592592592593
12255	338.43873312564915	0.0092592592592593	6.018518518518518
12256	168.67203184492905	0.0092592592592593	4.648148148148148
12257	134.87464387464388	-0.03703703703703709	5.981481481481482
12258	334.26666666666665	-0.13888888888888884	9
12259	412.2386772106398	-0.02777777777777779	8.574074074074074
12260	123.99012519837765	-0.00925925925925919	5.888888888888889
12261	168.97004241781542	-0.07407407407407407	7.730769230769231
12262	189.0244897959185	-0.06481481481481477	6.944444444444445
12263	196.6515845392929	0.02777777777777779	5.703703703703703
12264	79.618404390038	-0.10185185185185186	6.5
12266	270.296048632219	-0.10185185185185186	8.037037037037036
12267	69.67722395292492	0.0092592592592593	4.833333333333333
12269	232.55873190397665	-0.04629629629629628	6.622641509433962
12270	163.21558350803627	-0.01851851851851849	6.037037037037037
12271	172.85563909774442	-0.2314814814814815	10.75925925925926
12272	-25.897067065197007	0.04629629629629628	4.055555555555555
12274	89.18144947980954	-0.00925925925925919	5.462962962962963
12275	48.650997150997114	0.03703703703703709	4.944444444444445
12280	302.12058252427187	-0.02777777777777779	7.185185185185185
12282	44.77777777777783	0	4.37037037037037
12284	22.106617647058783	-0.05555555555555558	6.055555555555555
12285	85.66705882352937	-0.01851851851851849	6.148148148148148
12287	110.40129280223618	-0.01851851851851849	5.907407407407407
12288	178.48130677847666	-0.01851851851851849	5.981481481481482
12290	47.644923629829236	0.0092592592592593	4.981481481481482
12291	95.23663551401864	-0.06481481481481477	6.296296296296297
12292	224.90269042627529	-0.01851851851851849	6.425925925925926
12293	197.43351648351643	-0.0092592592592593	6.7592592592592595
12294	355.7904761904763	-0.13888888888888884	9.61111111111111
12295	-12.565498652291126	0.0092592592592593	3.9074074074074074
12296	222.32075471698124	0	5.907407407407407
12298	122.72750362844693	-0.0185185185185186	5.944444444444445
12300	158.51689320388357	-0.02777777777777779	6.796296296296297
12301	259.0807127882599	0.01851851851851849	6.962962962962963
12302	241.37200325071103	-0.13888888888888884	8.814814814814815
12303	131.21586952538019	-0.04629629629629628	6.481481481481482
12304	117.53852201257871	-0.09259259259259267	6.666666666666667
12305	212.0925925925926	0	6.351851851851852
