Subject	OSpan.Absolute	OSpan.Partial	OSpan.Partial_Block1	OSpan.Partial_Block2	OSpan.MathACC	OSpan.MathDuration	SessionDate	SessionTime	SymSpan.Absolute	SymSpan.Partial	SymSpan.Partial_Block1	SymSpan.Partial_Block2	SymSpan.SymmetryACC	SymSpan.SymmetryDuration	RotSpan.Absolute	RotSpan.Partial	RotSpan.Partial_Block1	RotSpan.Partial_Block2	RotSpan.RotationACC	RotSpan.RotationDuration
12000	74	80	41	39	1	NA	02-18-2015	12:17:38	20	34	14	20	1	NA	14	31	17	14	1	NA
12002	51	71	39	32	0.9390243902439024	NA	02-18-2015	14:55:22	18	33	13	20	0.9814814814814815	NA	14	22	10	12	1	NA
12006	44	66	29	37	0.9512195121951219	NA	02-20-2015	09:07:24	14	34	12	22	1	NA	24	30	13	17	0.6419753086419753	NA
12008	67	78	37	41	1	NA	02-20-2015	12:03:51	16	19	9	10	0.9629629629629629	NA	5	21	15	6	0.9814814814814815	NA
12010	12	33	8	25	0.9390243902439024	NA	02-20-2015	13:12:26	23	31	21	10	0.9814814814814815	NA	8	18	11	7	0.9629629629629629	NA
12012	39	71	34	37	1	NA	02-20-2015	14:22:00	14	31	18	13	1	NA	8	25	14	11	0.9444444444444444	NA
12013	51	68	38	30	0.9512195121951219	NA	02-20-2015	15:43:02	21	36	12	24	0.9629629629629629	NA	19	31	12	19	0.8703703703703703	NA
12014	27	54	25	29	0.975609756097561	NA	02-23-2015	09:13:45	14	26	11	15	1	NA	8	21	8	13	1	NA
12015	32	56	23	33	0.9512195121951219	NA	02-23-2015	12:11:53	15	28	15	13	0.9814814814814815	NA	NA	NA	NA	NA	NA	NA
12016	18	33	16	17	0.9146341463414634	NA	02-23-2015	14:04:00	8	17	10	7	0.9074074074074074	NA	8	19	10	9	0.9074074074074074	NA
12018	41	69	38	31	0.9634146341463414	NA	02-23-2015	16:12:42	23	39	16	23	0.9629629629629629	NA	23	36	19	17	0.9259259259259259	NA
12021	59	73	35	38	0.9634146341463414	NA	02-24-2015	15:03:14	20	33	20	13	0.9444444444444444	NA	29	42	20	22	0.9814814814814815	NA
12022	25	42	22	20	0.975609756097561	NA	02-26-2015	12:04:02	12	16	6	10	0.8703703703703703	NA	18	31	17	14	0.9814814814814815	NA
12023	16	53	25	28	0.9024390243902439	NA	02-26-2015	13:09:55	19	31	15	16	0.9074074074074074	NA	7	19	12	7	0.9074074074074074	NA
12024	36	58	31	27	0.926829268292683	NA	02-26-2015	15:00:43	26	37	21	16	1	NA	11	33	20	13	1	NA
12025	3	26	13	13	0.975609756097561	NA	02-26-2015	15:46:34	13	28	16	12	0.9814814814814815	NA	14	25	12	13	0.9629629629629629	NA
12027	15	42	19	23	0.8902439024390244	NA	02-27-2015	12:17:57	2	15	7	8	0.9074074074074074	NA	11	15	9	6	0.9259259259259259	NA
12028	56	74	35	39	0.975609756097561	NA	02-27-2015	13:14:30	14	25	15	10	0.6111111111111112	NA	14	22	13	9	0.9074074074074074	NA
12029	31	62	32	30	0.9512195121951219	NA	02-27-2015	14:08:11	10	30	15	15	1	NA	17	40	21	19	1	NA
12030	37	61	29	32	0.9634146341463414	NA	02-27-2015	14:15:57	26	40	17	23	1	NA	14	34	20	14	1	NA
12033	82	82	41	41	0.9878048780487805	NA	02-27-2015	16:17:58	15	29	12	17	0.9814814814814815	NA	11	30	14	16	0.9629629629629629	NA
12034	66	76	35	41	0.9878048780487805	NA	03-02-2015	10:20:44	2	6	6	0	0.8333333333333334	NA	0	8	7	1	0.6666666666666666	NA
12035	37	69	34	35	1	NA	03-02-2015	10:50:14	2	16	7	9	0.9629629629629629	NA	7	21	11	10	0.9444444444444444	NA
12038	39	59	24	35	0.975609756097561	NA	03-02-2015	13:04:54	12	29	18	11	0.9444444444444444	NA	11	20	9	11	0.8888888888888888	NA
12039	46	63	24	39	0.8048780487804879	NA	03-02-2015	13:05:11	2	10	0	10	0.4444444444444444	NA	NA	NA	NA	NA	NA	NA
12040	0	16	10	6	0.7317073170731707	NA	03-02-2015	13:06:54	0	7	3	4	0.5370370370370371	NA	NA	NA	NA	NA	NA	NA
12041	69	78	38	40	0.975609756097561	NA	03-02-2015	14:04:17	29	40	16	24	1	NA	9	21	11	10	0.9629629629629629	NA
12043	58	70	38	32	0.9634146341463414	NA	03-02-2015	13:58:21	25	35	14	21	0.9444444444444444	NA	19	30	19	11	1	NA
12047	32	48	21	27	0.9634146341463414	NA	03-02-2015	16:11:55	10	21	10	11	0.8888888888888888	NA	10	20	11	9	0.8888888888888888	NA
12048	30	45	19	26	0.9634146341463414	NA	03-03-2015	08:59:14	3	19	10	9	0.9074074074074074	NA	4	12	4	8	0.7407407407407407	NA
12049	45	64	30	34	0.9634146341463414	NA	03-03-2015	09:02:48	26	36	17	19	1	NA	28	39	17	22	0.9814814814814815	NA
12050	6	32	17	15	0.9024390243902439	NA	03-03-2015	10:50:24	0	7	1	6	0.7777777777777778	NA	2	5	4	1	0.8703703703703703	NA
12051	3	24	10	14	0.9024390243902439	NA	03-03-2015	10:51:18	5	15	8	7	0.6111111111111112	NA	10	20	11	9	0.6851851851851852	NA
12052	16	42	23	19	0.9390243902439024	NA	03-03-2015	11:28:01	0	10	4	6	1	NA	2	13	6	7	0.9629629629629629	NA
12053	46	60	34	26	0.975609756097561	NA	03-03-2015	12:51:21	13	25	9	16	0.8888888888888888	NA	7	20	10	10	0.9629629629629629	NA
12057	32	68	32	36	0.9634146341463414	NA	03-03-2015	15:56:32	28	43	20	23	1	NA	12	28	18	10	0.9814814814814815	NA
12058	15	22	13	9	0.926829268292683	NA	03-03-2015	16:08:29	8	29	17	12	0.9629629629629629	NA	5	23	11	12	0.9259259259259259	NA
12059	16	41	21	20	0.8292682926829268	NA	03-03-2015	16:26:21	12	27	14	13	0.9074074074074074	NA	6	17	8	9	0.9629629629629629	NA
12060	9	27	15	12	0.9024390243902439	NA	03-04-2015	09:07:57	22	34	14	20	1	NA	12	33	17	16	0.9444444444444444	NA
12061	10	28	14	14	0.9634146341463414	NA	03-04-2015	10:24:01	14	22	13	9	0.9259259259259259	NA	14	26	16	10	0.9074074074074074	NA
12062	46	72	37	35	0.9634146341463414	NA	03-04-2015	09:58:12	33	41	21	20	0.8518518518518519	NA	NA	NA	NA	NA	NA	NA
12063	35	67	33	34	0.975609756097561	NA	03-04-2015	11:10:44	18	37	19	18	0.9629629629629629	NA	31	40	19	21	1	NA
12064	27	69	37	32	0.926829268292683	NA	03-04-2015	14:11:29	36	48	26	22	0.9629629629629629	NA	31	47	23	24	1	NA
12065	24	44	22	22	0.9634146341463414	NA	03-04-2015	14:16:53	8	13	4	9	0.9444444444444444	NA	8	16	6	10	0.9444444444444444	NA
12068	43	72	36	36	1	NA	03-06-2015	14:56:45	11	21	7	14	1	NA	24	36	14	22	0.9814814814814815	NA
12069	12	38	5	33	0.975609756097561	NA	03-04-2015	14:41:57	2	10	8	2	0.9814814814814815	NA	NA	NA	NA	NA	NA	NA
12070	8	27	13	14	0.7682926829268293	NA	03-04-2015	15:00:21	7	19	12	7	0.46296296296296297	NA	2	15	9	6	0.6296296296296297	NA
12071	21	57	29	28	0.9390243902439024	NA	03-04-2015	16:10:58	18	34	12	22	0.9629629629629629	NA	8	25	15	10	1	NA
12072	0	25	9	16	0.975609756097561	NA	03-05-2015	09:15:11	5	18	6	12	0.8888888888888888	NA	5	16	14	2	1	NA
12076	57	72	36	36	0.9878048780487805	NA	03-05-2015	12:01:02	17	31	15	16	0.9629629629629629	NA	13	32	11	21	1	NA
12078	22	53	36	17	0.975609756097561	NA	03-05-2015	12:11:55	16	33	18	15	0.9814814814814815	NA	34	41	20	21	0.9629629629629629	NA
12080	66	79	40	39	0.975609756097561	NA	03-05-2015	12:02:49	18	41	24	17	0.9814814814814815	NA	17	36	16	20	0.9814814814814815	NA
12081	11	30	12	18	0.975609756097561	NA	03-05-2015	13:03:59	22	40	21	19	0.9629629629629629	NA	18	31	15	16	0.9814814814814815	NA
12083	45	65	30	35	0.975609756097561	NA	03-05-2015	13:06:41	10	28	13	15	0.9814814814814815	NA	19	26	10	16	0.9629629629629629	NA
12084	74	80	39	41	0.9512195121951219	NA	03-05-2015	14:04:38	20	26	9	17	0.9629629629629629	NA	16	29	17	12	0.9629629629629629	NA
12087	68	80	40	40	0.9634146341463414	NA	03-05-2015	16:03:47	8	19	6	13	0.9629629629629629	NA	7	24	11	13	0.9814814814814815	NA
12089	48	62	31	31	0.975609756097561	NA	03-06-2015	09:11:51	10	18	7	11	0.9259259259259259	NA	16	29	10	19	0.9629629629629629	NA
12092	21	55	27	28	0.975609756097561	NA	03-06-2015	11:08:36	12	21	9	12	0.9814814814814815	NA	12	22	12	10	1	NA
12094	16	45	18	27	0.975609756097561	NA	03-06-2015	11:11:59	14	35	21	14	0.9814814814814815	NA	18	35	18	17	0.9629629629629629	NA
12095	47	75	36	39	0.9878048780487805	NA	03-06-2015	12:59:45	19	35	16	19	1	NA	32	40	22	18	0.9814814814814815	NA
12096	37	50	27	23	0.9024390243902439	NA	03-06-2015	13:01:40	7	19	10	9	0.9259259259259259	NA	4	17	9	8	0.7777777777777778	NA
12097	32	54	26	28	0.975609756097561	NA	03-06-2015	12:05:17	4	14	7	7	0.9259259259259259	NA	11	28	17	11	0.9814814814814815	NA
12098	45	71	38	33	0.926829268292683	NA	03-06-2015	14:05:26	14	29	17	12	0.9259259259259259	NA	16	36	16	20	0.9259259259259259	NA
12101	14	45	26	19	0.975609756097561	NA	03-09-2015	09:13:21	14	27	17	10	0.8703703703703703	NA	2	13	6	7	0.5555555555555556	NA
12102	6	30	14	16	0.926829268292683	NA	03-09-2015	09:10:12	4	16	6	10	0.9814814814814815	NA	14	27	20	7	0.9444444444444444	NA
12103	0	4	4	0	0.9512195121951219	NA	03-09-2015	09:29:53	4	12	2	10	0.9814814814814815	NA	0	6	3	3	0.9629629629629629	NA
12104	9	31	17	14	0.926829268292683	NA	03-09-2015	09:06:50	14	28	12	16	0.9444444444444444	NA	16	27	13	14	0.9814814814814815	NA
12105	6	22	10	12	0.6707317073170732	NA	03-09-2015	10:04:00	13	24	9	15	0.9259259259259259	NA	4	18	4	14	0.8333333333333334	NA
12107	29	44	20	24	0.7926829268292683	NA	03-09-2015	12:00:05	16	24	12	12	0.4444444444444444	NA	11	26	11	15	0.7222222222222222	NA
12109	30	55	21	34	0.9634146341463414	NA	03-09-2015	11:59:27	7	17	8	9	0.9814814814814815	NA	5	9	7	2	0.9259259259259259	NA
12110	50	57	21	36	0.8658536585365854	NA	03-09-2015	13:06:57	21	27	15	12	0.9259259259259259	NA	5	22	9	13	0.5	NA
12112	35	60	28	32	0.9878048780487805	NA	03-09-2015	14:03:32	9	32	19	13	0.9444444444444444	NA	12	23	14	9	0.9814814814814815	NA
12113	0	1	1	0	0.975609756097561	NA	03-09-2015	15:08:36	0	0	0	0	0.9814814814814815	NA	0	0	0	0	1	NA
12115	3	20	13	7	0.9634146341463414	NA	03-10-2015	09:23:59	2	11	4	7	0.6851851851851852	NA	7	15	7	8	0.8148148148148148	NA
12116	66	77	40	37	0.9878048780487805	NA	03-10-2015	12:14:09	7	17	12	5	0.9444444444444444	NA	7	15	9	6	0.9074074074074074	NA
12117	10	44	21	23	0.9390243902439024	NA	03-10-2015	15:05:36	4	15	5	10	0.9629629629629629	NA	7	17	8	9	1	NA
12118	54	70	33	37	0.9878048780487805	NA	03-10-2015	15:06:43	23	44	21	23	0.9444444444444444	NA	17	32	16	16	0.9814814814814815	NA
12121	8	28	12	16	0.8902439024390244	NA	03-11-2015	10:55:52	2	10	4	6	0.9444444444444444	NA	5	7	4	3	0.7222222222222222	NA
12122	19	50	22	28	1	NA	03-11-2015	12:02:34	4	16	6	10	0.7592592592592593	NA	0	1	0	1	0.6481481481481481	NA
12123	27	50	19	31	0.9390243902439024	NA	03-11-2015	14:08:12	20	34	17	17	0.9629629629629629	NA	10	26	15	11	1	NA
12124	28	62	28	34	0.9146341463414634	NA	03-12-2015	08:59:23	19	32	16	16	0.9444444444444444	NA	23	36	16	20	0.9814814814814815	NA
12125	60	69	32	37	0.9634146341463414	NA	03-12-2015	10:09:59	24	41	25	16	0.9629629629629629	NA	19	37	20	17	1	NA
12126	27	56	30	26	0.975609756097561	NA	03-12-2015	11:59:11	8	39	22	17	1	NA	13	23	16	7	1	NA
12127	12	43	21	22	0.9024390243902439	NA	03-12-2015	12:16:44	5	20	10	10	0.7962962962962963	NA	6	22	11	11	0.8888888888888888	NA
12129	14	25	15	10	0.7804878048780488	NA	03-13-2015	09:15:47	0	11	5	6	0.5740740740740741	NA	5	11	5	6	1	NA
12133	43	70	34	36	0.9512195121951219	NA	03-13-2015	14:47:48	9	26	10	16	0.9259259259259259	NA	16	27	15	12	0.9814814814814815	NA
12134	15	37	16	21	0.8658536585365854	NA	03-13-2015	15:58:54	7	17	3	14	0.9629629629629629	NA	7	15	10	5	0.9814814814814815	NA
12135	74	77	36	41	0.9024390243902439	NA	03-13-2015	16:06:50	29	40	20	20	0.9074074074074074	NA	30	39	18	21	0.9629629629629629	NA
12136	26	65	29	36	0.9390243902439024	NA	03-16-2015	08:56:00	18	29	18	11	0.9259259259259259	NA	15	21	12	9	0.8333333333333334	NA
12137	28	48	26	22	0.9024390243902439	NA	03-16-2015	11:14:10	12	26	13	13	0.9444444444444444	NA	8	24	10	14	0.9629629629629629	NA
12138	19	45	25	20	0.9512195121951219	NA	03-16-2015	14:11:04	3	14	8	6	0.9444444444444444	NA	12	30	15	15	0.9259259259259259	NA
12139	0	7	3	4	0.975609756097561	NA	03-17-2015	14:01:24	2	5	4	1	1	NA	4	17	12	5	0.7962962962962963	NA
12140	30	50	26	24	0.8902439024390244	NA	03-18-2015	13:01:17	29	40	18	22	1	NA	14	32	14	18	0.9814814814814815	NA
12141	7	24	14	10	0.8780487804878049	NA	03-23-2015	10:10:42	2	7	5	2	0.9444444444444444	NA	7	12	7	5	0.5370370370370371	NA
12142	14	27	9	18	0.9146341463414634	NA	03-23-2015	11:17:17	4	11	5	6	0.6851851851851852	NA	0	1	1	0	0.9259259259259259	NA
12143	43	76	39	37	0.975609756097561	NA	03-23-2015	14:56:58	22	32	14	18	0.9259259259259259	NA	7	18	10	8	0.9814814814814815	NA
12144	30	56	31	25	0.9634146341463414	NA	03-25-2015	13:20:19	7	25	11	14	0.9074074074074074	NA	4	13	8	5	0.7407407407407407	NA
12147	35	62	33	29	0.8902439024390244	NA	03-26-2015	14:59:34	17	31	19	12	0.8148148148148148	NA	3	12	9	3	0.7592592592592593	NA
12148	11	28	17	11	0.975609756097561	NA	03-27-2015	10:43:25	0	9	5	4	0.7592592592592593	NA	7	13	7	6	0.8148148148148148	NA
12153	15	38	13	25	0.9146341463414634	NA	03-27-2015	15:00:10	9	23	15	8	0.8703703703703703	NA	4	16	10	6	0.8518518518518519	NA
12154	27	61	29	32	0.9634146341463414	NA	03-27-2015	14:58:57	5	18	4	14	1	NA	8	21	11	10	1	NA
12155	15	20	4	16	0.9390243902439024	NA	03-27-2015	16:00:17	2	4	4	0	0.9629629629629629	NA	0	4	3	1	0.9814814814814815	NA
12160	7	37	17	20	0.9024390243902439	NA	04-03-2015	11:16:17	12	21	14	7	0.8148148148148148	NA	7	17	11	6	0.7222222222222222	NA
12161	10	41	25	16	0.7926829268292683	NA	04-03-2015	11:15:34	4	14	9	5	0.6296296296296297	NA	2	10	5	5	0.8518518518518519	NA
12162	75	80	41	39	0.9512195121951219	NA	04-03-2015	11:05:15	12	26	15	11	0.9629629629629629	NA	7	18	11	7	0.9629629629629629	NA
12163	35	58	38	20	0.9024390243902439	NA	04-06-2015	11:10:39	10	15	8	7	0.8518518518518519	NA	0	8	4	4	0.8148148148148148	NA
12166	11	48	21	27	0.9634146341463414	NA	04-07-2015	14:16:46	19	27	12	15	0.9259259259259259	NA	10	35	21	14	0.9814814814814815	NA
12167	3	14	6	8	0.7804878048780488	NA	04-08-2015	11:33:12	2	8	6	2	0.8703703703703703	NA	0	9	5	4	0.7777777777777778	NA
12168	30	62	29	33	0.926829268292683	NA	04-09-2015	14:56:19	15	25	17	8	0.8333333333333334	NA	18	30	14	16	0.7777777777777778	NA
12170	32	42	23	19	0.9146341463414634	NA	04-10-2015	09:14:03	NA	NA	NA	NA	NA	NA	4	6	2	4	0.7222222222222222	NA
12171	25	54	24	30	0.9146341463414634	NA	04-13-2015	10:06:11	27	37	19	18	0.9444444444444444	NA	14	24	13	11	0.8148148148148148	NA
12172	51	61	35	26	0.9146341463414634	NA	04-13-2015	15:43:03	11	15	11	4	0.7777777777777778	NA	0	9	4	5	0.6851851851851852	NA
12173	82	82	41	41	0.9512195121951219	NA	04-13-2015	16:19:26	5	10	6	4	0.6481481481481481	NA	2	5	2	3	0.7962962962962963	NA
12174	8	35	18	17	0.8780487804878049	NA	04-14-2015	08:47:57	5	21	13	8	0.8703703703703703	NA	7	15	8	7	0.8888888888888888	NA
12175	0	17	15	2	0.9024390243902439	NA	04-14-2015	08:47:48	2	7	5	2	0.6296296296296297	NA	5	6	6	0	0.9814814814814815	NA
12176	13	26	14	12	0.926829268292683	NA	04-14-2015	09:29:04	9	17	6	11	0.9444444444444444	NA	2	14	3	11	0.9629629629629629	NA
12177	3	28	18	10	0.8536585365853658	NA	04-14-2015	10:56:22	5	21	13	8	1	NA	2	17	7	10	0.9629629629629629	NA
12178	11	40	11	29	0.9512195121951219	NA	04-14-2015	10:56:05	4	18	9	9	0.4444444444444444	NA	14	23	13	10	0.9814814814814815	NA
12179	24	51	26	25	0.926829268292683	NA	04-14-2015	11:51:23	8	19	5	14	0.9259259259259259	NA	10	21	9	12	0.6481481481481481	NA
12180	38	60	30	30	0.975609756097561	NA	04-14-2015	12:43:24	13	29	16	13	0.9814814814814815	NA	7	13	9	4	0.9814814814814815	NA
12181	50	60	31	29	0.9878048780487805	NA	04-14-2015	14:13:12	30	46	25	21	0.9629629629629629	NA	14	36	20	16	1	NA
12186	26	49	21	28	0.926829268292683	NA	04-15-2015	14:13:36	11	26	11	15	0.8888888888888888	NA	8	24	13	11	0.9629629629629629	NA
12187	78	81	40	41	1	NA	04-15-2015	14:47:39	40	50	25	25	0.9814814814814815	NA	24	37	18	19	0.9814814814814815	NA
12194	21	43	22	21	1	NA	04-16-2015	15:18:33	0	5	3	2	0.9814814814814815	NA	7	13	7	6	0.8703703703703703	NA
12195	19	28	24	4	0.8170731707317073	NA	04-16-2015	15:17:19	15	23	10	13	0.6666666666666666	NA	4	9	7	2	0.8518518518518519	NA
12202	38	65	28	37	0.9146341463414634	NA	04-17-2015	15:05:17	12	25	14	11	1	NA	12	23	12	11	0.9629629629629629	NA
12203	14	45	16	29	0.975609756097561	NA	04-17-2015	16:14:51	9	31	17	14	0.8888888888888888	NA	32	45	20	25	0.7962962962962963	NA
12204	3	13	5	8	0.9634146341463414	NA	04-20-2015	09:02:58	4	11	3	8	0.9444444444444444	NA	12	20	9	11	0.9629629629629629	NA
12207	37	63	38	25	0.9390243902439024	NA	04-20-2015	12:09:47	14	26	12	14	0.9814814814814815	NA	14	30	17	13	1	NA
12211	19	63	27	36	0.975609756097561	NA	04-21-2015	09:14:26	2	23	13	10	1	NA	7	25	14	11	0.9814814814814815	NA
12216	7	38	22	16	0.8780487804878049	NA	04-22-2015	09:36:57	3	20	7	13	0.7962962962962963	NA	7	18	5	13	0.7407407407407407	NA
12218	22	49	29	20	0.9878048780487805	NA	04-22-2015	13:04:57	4	14	6	8	1	NA	6	17	11	6	1	NA
12220	52	69	38	31	0.9512195121951219	NA	04-22-2015	15:12:03	21	38	18	20	1	NA	28	39	21	18	1	NA
12222	32	59	31	28	0.9390243902439024	NA	04-23-2015	10:00:16	15	29	15	14	1	NA	10	30	16	14	1	NA
12223	17	34	14	20	0.8780487804878049	NA	04-23-2015	12:27:17	4	17	8	9	0.9629629629629629	NA	8	13	4	9	0.7962962962962963	NA
12225	10	32	8	24	0.7682926829268293	NA	04-23-2015	13:22:03	19	36	20	16	0.6111111111111112	NA	14	25	17	8	0.8518518518518519	NA
12227	3	13	6	7	0.9634146341463414	NA	04-23-2015	14:13:28	4	13	6	7	0.9259259259259259	NA	4	8	4	4	0.9629629629629629	NA
12230	28	58	23	35	1	NA	04-24-2015	13:17:09	8	15	8	7	0.9444444444444444	NA	10	28	14	14	0.9074074074074074	NA
12232	10	30	13	17	0.9512195121951219	NA	04-24-2015	13:54:16	NA	NA	NA	NA	NA	NA	5	9	6	3	0.9074074074074074	NA
12235	16	47	23	24	0.9634146341463414	NA	04-24-2015	15:59:08	11	26	13	13	0.9629629629629629	NA	5	19	9	10	0.9629629629629629	NA
12237	12	44	21	23	0.8780487804878049	NA	04-28-2015	11:20:44	5	12	6	6	0.5555555555555556	NA	10	19	11	8	0.8888888888888888	NA
12238	14	46	25	21	0.9146341463414634	NA	04-28-2015	13:43:50	2	14	9	5	0.6111111111111112	NA	5	14	10	4	1	NA
12239	30	67	31	36	0.8780487804878049	NA	04-29-2015	10:10:50	8	22	14	8	0.9259259259259259	NA	0	7	2	5	0.7592592592592593	NA
12240	18	45	18	27	0.975609756097561	NA	04-29-2015	14:07:19	14	32	11	21	0.9814814814814815	NA	4	24	12	12	0.9259259259259259	NA
12241	21	38	16	22	0.8292682926829268	NA	04-29-2015	15:44:51	14	26	12	14	0.9259259259259259	NA	4	17	11	6	0.7962962962962963	NA
12242	5	19	8	11	0.8902439024390244	NA	04-29-2015	15:44:44	4	16	9	7	0.9444444444444444	NA	2	10	5	5	0.5740740740740741	NA
12244	8	14	9	5	0.8292682926829268	NA	04-30-2015	15:15:20	4	11	4	7	0.5	NA	0	2	0	2	0.48148148148148145	NA
12245	45	65	38	27	0.9146341463414634	NA	05-01-2015	09:43:04	22	28	7	21	0.9074074074074074	NA	5	17	14	3	0.9444444444444444	NA
12246	6	12	8	4	0.8658536585365854	NA	05-01-2015	12:10:33	NA	NA	NA	NA	NA	NA	NA	NA	NA	NA	NA	NA
12247	5	18	10	8	0.9390243902439024	NA	05-01-2015	12:09:09	2	5	5	0	0.6296296296296297	NA	2	5	3	2	0.7407407407407407	NA
12249	29	46	16	30	0.9024390243902439	NA	05-06-2015	13:08:38	11	17	10	7	0.9629629629629629	NA	7	20	12	8	0.9259259259259259	NA
12250	7	27	12	15	0.8292682926829268	NA	05-07-2015	09:17:52	NA	NA	NA	NA	NA	NA	0	2	1	1	0.5185185185185185	NA
12251	25	35	13	22	0.8780487804878049	NA	05-07-2015	09:20:22	8	18	9	9	0.9814814814814815	NA	6	13	5	8	0.9814814814814815	NA
12253	44	69	33	36	0.9390243902439024	NA	05-07-2015	12:12:49	18	24	11	13	0.9814814814814815	NA	14	24	12	12	0.7407407407407407	NA
12255	43	63	29	34	0.9146341463414634	NA	05-08-2015	10:15:46	7	30	9	21	0.9629629629629629	NA	18	34	15	19	0.9629629629629629	NA
12256	55	73	35	38	0.9390243902439024	NA	05-08-2015	13:07:58	24	32	12	20	0.9444444444444444	NA	17	37	20	17	0.9259259259259259	NA
12257	45	74	35	39	0.9512195121951219	NA	05-08-2015	13:15:14	NA	NA	NA	NA	NA	NA	10	23	13	10	1	NA
12258	25	61	27	34	0.975609756097561	NA	05-11-2015	09:57:19	11	26	15	11	0.9814814814814815	NA	2	5	0	5	0.9444444444444444	NA
12259	0	13	6	7	0.6829268292682927	NA	05-11-2015	12:10:30	0	7	2	5	0.8703703703703703	NA	2	3	2	1	0.5555555555555556	NA
12260	21	50	25	25	0.9146341463414634	NA	05-11-2015	12:12:44	19	34	18	16	0.9259259259259259	NA	2	13	6	7	0.7037037037037037	NA
12261	36	62	29	33	1	NA	05-11-2015	12:38:56	21	32	19	13	0.9259259259259259	NA	14	24	12	12	1	NA
12262	9	27	14	13	0.9390243902439024	NA	05-11-2015	12:44:15	4	14	6	8	0.9074074074074074	NA	0	7	1	6	0.7222222222222222	NA
12263	15	30	6	24	0.8780487804878049	NA	05-11-2015	12:55:00	4	15	7	8	0.8703703703703703	NA	NA	NA	NA	NA	NA	NA
12264	23	52	19	33	0.975609756097561	NA	05-11-2015	15:27:04	7	19	8	11	0.9629629629629629	NA	11	32	21	11	1	NA
12266	16	35	18	17	0.7804878048780488	NA	05-12-2015	09:28:48	4	15	9	6	0.7962962962962963	NA	10	22	10	12	0.8518518518518519	NA
12267	4	28	16	12	1	NA	05-12-2015	11:11:23	NA	NA	NA	NA	NA	NA	7	21	9	12	0.9629629629629629	NA
12269	3	15	11	4	0.8170731707317073	NA	05-13-2015	11:05:16	7	20	11	9	0.6111111111111112	NA	2	13	9	4	0.6666666666666666	NA
12270	59	78	39	39	0.975609756097561	NA	05-13-2015	09:06:16	24	30	11	19	0.8703703703703703	NA	15	32	15	17	0.9629629629629629	NA
12271	7	35	10	25	0.9512195121951219	NA	05-13-2015	13:09:20	13	22	13	9	0.9259259259259259	NA	6	19	10	9	0.9814814814814815	NA
12272	16	47	23	24	0.9024390243902439	NA	05-14-2015	09:10:37	2	19	11	8	0.9444444444444444	NA	4	18	11	7	0.7777777777777778	NA
12274	9	42	16	26	0.9634146341463414	NA	05-14-2015	11:06:26	9	16	9	7	0.9814814814814815	NA	5	9	7	2	0.8518518518518519	NA
12275	12	45	20	25	0.8658536585365854	NA	05-14-2015	13:14:02	17	25	11	14	0.8888888888888888	NA	15	25	9	16	0.8703703703703703	NA
12280	4	18	9	9	0.7682926829268293	NA	05-15-2015	10:40:34	2	4	1	3	0.42592592592592593	NA	2	6	4	2	0.7407407407407407	NA
12282	17	35	20	15	0.8536585365853658	NA	05-15-2015	13:58:03	14	24	12	12	1	NA	7	21	6	15	1	NA
12284	19	33	14	19	0.9146341463414634	NA	05-15-2015	15:06:07	25	34	14	20	0.9444444444444444	NA	7	15	8	7	0.7222222222222222	NA
12285	7	16	8	8	0.9878048780487805	NA	05-18-2015	09:21:48	4	7	4	3	0.9629629629629629	NA	4	6	2	4	0.5	NA
12287	24	54	24	30	0.9634146341463414	NA	05-18-2015	10:28:03	14	21	13	8	0.7037037037037037	NA	9	19	11	8	0.9814814814814815	NA
12288	40	65	35	30	0.9878048780487805	NA	05-18-2015	12:20:41	7	22	10	12	0.9814814814814815	NA	11	24	13	11	0.9814814814814815	NA
12290	58	72	40	32	0.975609756097561	NA	05-19-2015	15:55:38	0	7	3	4	0.9814814814814815	NA	2	11	8	3	0.5555555555555556	NA
12291	22	50	23	27	0.9634146341463414	NA	05-19-2015	16:13:25	20	31	19	12	0.9814814814814815	NA	18	37	16	21	0.8703703703703703	NA
12292	22	53	27	26	0.9634146341463414	NA	05-20-2015	10:56:48	10	20	6	14	0.9074074074074074	NA	11	21	17	4	0.8148148148148148	NA
12293	38	67	33	34	0.9512195121951219	NA	05-20-2015	12:14:14	20	28	17	11	1	NA	4	17	8	9	0.9444444444444444	NA
12294	27	60	29	31	0.9512195121951219	NA	05-20-2015	15:43:30	11	31	15	16	0.8888888888888888	NA	3	11	10	1	0.6481481481481481	NA
12295	14	32	11	21	0.9146341463414634	NA	05-21-2015	10:26:33	14	31	14	17	0.8888888888888888	NA	4	14	5	9	0.7037037037037037	NA
12296	18	34	22	12	0.7439024390243902	NA	05-21-2015	11:27:17	2	9	6	3	0.9629629629629629	NA	8	14	9	5	0.8888888888888888	NA
12298	50	61	30	31	0.9390243902439024	NA	05-21-2015	13:59:26	4	14	8	6	0.5	NA	14	22	11	11	0.9629629629629629	NA
12300	13	42	22	20	0.8414634146341463	NA	05-22-2015	10:15:03	8	16	11	5	0.8518518518518519	NA	15	27	14	13	0.8888888888888888	NA
12301	4	21	12	9	0.7317073170731707	NA	05-22-2015	11:28:35	4	20	10	10	0.6851851851851852	NA	14	26	13	13	0.7037037037037037	NA
12056	NA	NA	NA	NA	NA	NA	03-09-2015	10:51:01	11	24	10	14	0.9444444444444444	NA	7	10	7	3	0.9444444444444444	NA
12086	NA	NA	NA	NA	NA	NA	03-13-2015	14:49:11	47	49	27	22	1	NA	35	42	21	21	0.9629629629629629	NA
12119	NA	NA	NA	NA	NA	NA	03-19-2015	09:39:59	7	11	4	7	0.6851851851851852	NA	4	11	7	4	0.48148148148148145	NA
12120	NA	NA	NA	NA	NA	NA	03-31-2015	15:15:35	15	32	22	10	0.9629629629629629	NA	7	22	11	11	0.9074074074074074	NA
12149	NA	NA	NA	NA	NA	NA	03-31-2015	14:02:09	11	20	9	11	0.7777777777777778	NA	19	26	12	14	0.9074074074074074	NA
12150	NA	NA	NA	NA	NA	NA	03-31-2015	08:54:23	19	34	16	18	0.8333333333333334	NA	24	39	19	20	0.9259259259259259	NA
12184	NA	NA	NA	NA	NA	NA	04-20-2015	11:14:25	2	5	5	0	0.7777777777777778	NA	0	9	3	6	0.6851851851851852	NA
12236	NA	NA	NA	NA	NA	NA	04-28-2015	13:18:53	9	15	2	13	0.9444444444444444	NA	10	23	13	10	0.9259259259259259	NA
12243	NA	NA	NA	NA	NA	NA	05-01-2015	13:45:26	11	28	15	13	0.9074074074074074	NA	8	32	19	13	0.5555555555555556	NA
12252	NA	NA	NA	NA	NA	NA	05-11-2015	09:49:06	16	27	10	17	0.7407407407407407	NA	14	24	14	10	0.5370370370370371	NA
12254	NA	NA	NA	NA	NA	NA	05-08-2015	11:44:26	23	32	17	15	0.9444444444444444	NA	10	16	8	8	1	NA
12183	NA	NA	NA	NA	NA	NA	05-05-2015	09:50:19	NA	NA	NA	NA	NA	NA	0	5	5	0	0.6851851851851852	NA
